95
92
132
161
161
312
235
226
454
522
862
1098
1651
1548
1421
910
2082
1909
2581
3028
2931
2042
1007
547
104
84
32
120
67
155
128
158
303
308
474
552
1129
1345
1329
988
1612
2028
1218
1894
1945
873
640
496
126
93
99
142
126
289
221
166
442
470
866
1148
1260
1353
1266
1533
2057
3142
2591
2000
2580
1760
1482
638
94
133
126
90
80
203
233
146
322
298
1143
857
1090
1279
1376
1117
1129
1770
2549
2514
1912
1563
1113
557
73
93
85
131
79
245
160
111
359
353
661
581
665
1420
850
1589
1022
1726
1606
2062
1808
852
899
483
112
94
103
76
136
235
223
155
261
279
741
549
756
1262
981
1419
1499
1912
1361
2259
1697
1048
1058
421
58
69
103
59
73
151
88
94
237
231
744
414
222
580
694
620
1607
1096
802
1581
1413
148
615
266
95
116
96
92
115
156
219
174
404
408
1009
1051
1012
1503
1393
1260
2063
2096
2323
3122
2677
1537
1198
284
121
124
127
128
137
182
257
253
490
506
814
847
1812
1381
1349
1772
2440
2098
3284
3830
3256
1075
1254
579
84
85
99
105
95
205
205
141
425
393
946
1145
1013
1450
1287
1447
1134
2170
2512
3249
1666
1916
989
325
76
133
117
93
58
248
284
137
321
464
542
809
1076
1341
1368
1182
1548
2215
2660
2789
2529
1188
836
534
103
103
108
100
117
159
252
190
359
480
446
909
1632
1972
1328
1613
1759
1551
2342
3410
2741
1711
1166
482
65
81
121
91
79
89
267
152
413
240
734
590
704
816
1103
829
1175
2433
2016
2700
2117
1448
753
531
135
101
99
91
116
165
261
238
494
384
671
643
868
1274
1246
1245
1354
2191
2333
1845
3031
2117
1262
301
90
130
98
118
129
215
227
148
496
355
981
698
1358
1013
1233
1513
1587
2556
2437
3354
2700
1473
959
556
82
85
57
48
105
148
65
162
218
295
573
411
924
306
847
586
748
1610
1751
2208
1729
732
674
282
79
85
62
72
80
102
155
131
418
409
411
760
731
985
828
1205
1253
2229
1928
2237
1965
965
798
299
116
114
121
88
118
169
249
230
411
362
900
927
1632
1133
1544
1331
1502
2938
1463
2270
2331
1890
841
460
105
148
73
127
136
197
229
240
297
460
650
1164
1336
1179
1051
1654
1740
2328
2544
3037
1916
1533
983
736
85
88
120
129
100
214
259
166
324
356
1056
894
544
1154
1105
1156
1404
2048
2228
2834
2572
1380
1072
427
100
106
87
95
131
177
201
231
306
347
833
692
1293
1040
1500
1711
2007
1792
2347
2891
2338
1420
944
553
127
117
175
83
63
257
204
263
474
423
523
1030
1448
1182
1702
1426
1253
2492
3540
1929
2840
1850
1132
529
107
105
98
117
92
189
214
196
337
294
581
1174
1109
1086
1350
1004
2049
1839
1507
2530
2774
1150
1227
603
96
75
109
85
105
141
181
181
439
396
921
438
796
1013
1391
1420
1217
2280
2403
2278
1987
1331
995
225
76
69
68
117
68
192
163
176
523
326
612
893
1568
1028
1132
705
1187
905
1629
2495
1841
988
843
458
111
74
79
96
63
117
169
104
393
273
632
433
750
1078
509
1050
1846
1973
1221
2115
1105
1140
1069
439
125
82
129
93
98
255
207
203
454
527
856
922
1378
1571
806
1537
1464
1533
1807
2846
2002
1683
1258
476
98
108
110
94
94
182
185
192
392
457
550
909
1253
966
1024
1066
1761
2132
1759
1986
2991
1154
1013
416
62
113
102
86
68
135
240
240
339
191
432
663
747
920
1054
1488
1592
2090
2363
2354
1773
1424
1121
411
147
135
138
109
152
279
285
305
530
555
838
795
1709
1748
1178
1634
2367
3303
3060
3317
4021
1462
1239
603
84
122
127
125
79
335
236
250
446
499
818
1002
1401
1305
1143
1591
2012
2532
1801
3258
2774
1879
1590
481
130
176
97
117
127
315
255
252
404
349
1080
1102
1279
1858
1483
1323
1610
2063
3169
2774
2775
1567
1548
722
131
90
114
124
80
157
208
166
547
433
747
1041
1558
1432
999
1267
2409
2283
1881
2906
2779
1573
1085
310
41
98
57
62
67
52
138
145
372
289
470
517
715
799
758
330
781
892
1098
1121
1278
870
775
266
71
109
105
111
100
255
346
231
467
498
561
881
1093
912
2040
1658
1799
2488
2570
2869
3051
2434
920
364
86
70
51
63
55
143
180
84
529
345
595
819
1013
1317
919
929
1257
1936
2880
2797
2759
1825
1107
396
101
115
123
89
94
244
247
266
417
419
626
1056
1166
975
1076
1314
1791
3232
2303
2638
2780
1456
972
546
105
112
80
106
110
151
206
171
496
595
955
940
1735
1447
1911
1537
1448
2632
2635
2602
3094
1926
1217
373
62
66
51
101
75
218
128
184
405
229
950
526
853
1080
967
1125
1231
1376
1974
2647
1993
1342
743
449
113
114
88
108
106
219
283
253
388
396
769
504
1840
1255
1186
979
2270
1592
1551
1835
2351
1346
1275
623
85
84
74
36
111
135
169
130
163
398
1043
700
711
931
762
874
1671
1661
2371
1919
1488
1244
623
390
78
103
104
80
103
219
188
132
403
428
821
617
1160
1057
1339
1376
1781
1517
1634
1956
2249
1372
868
537
101
90
109
115
103
244
129
207
270
290
703
649
1264
761
1576
1119
1782
2557
1734
1770
2205
1750
1278
521
88
62
86
84
98
171
149
231
330
349
778
485
1200
1062
660
984
1751
1367
2877
2694
1856
884
627
343
102
96
113
108
130
203
211
214
436
421
916
744
1414
1461
1219
830
1320
1482
2342
2494
2300
1463
1013
225
119
114
102
97
110
314
223
178
360
319
655
905
1615
1514
2118
995
1762
1371
2121
2891
2201
1550
1242
496
122
98
125
92
129
251
288
194
525
472
1023
1439
1515
2196
1414
1277
1895
2184
2830
2866
2847
1678
1074
770
98
100
117
91
115
168
198
234
290
398
754
698
1296
1433
1167
1132
1827
1149
2297
2650
2223
1619
1080
446
96
91
90
124
78
164
202
161
390
272
784
678
1126
852
1238
1536
1453
1859
2323
2343
935
1604
777
422
80
107
98
140
107
106
222
181
365
384
762
778
586
1062
1031
1077
2026
1174
1933
1633
1488
1257
705
638
60
78
86
77
61
214
193
194
364
453
509
654
980
1219
1169
1380
1608
1807
2340
1587
1358
1027
764
390
82
112
81
110
102
195
181
272
391
369
1103
976
1211
1167
974
1008
1602
1819
2222
2615
1552
907
912
272
108
80
100
103
97
121
210
195
259
348
447
455
651
1099
1497
660
859
1643
1660
2559
2190
1251
754
555
48
136
102
89
90
151
219
148
437
383
680
598
1226
945
1264
596
1946
2645
2123
2042
2106
1402
1102
286
98
106
66
78
107
145
224
168
483
428
784
837
564
1470
790
1360
1868
2508
1926
3427
2765
1643
1055
667
90
28
64
91
78
197
171
177
142
281
568
601
1584
659
1109
687
1997
1789
1262
2646
2153
1645
591
516
80
66
67
92
134
183
215
203
416
437
827
930
1043
766
898
1028
1714
2277
2301
2270
2888
1374
838
510
106
117
93
64
102
227
136
133
266
480
430
669
1244
1064
1137
741
1530
2503
1689
2720
1590
1389
1104
337
96
83
105
76
107
241
164
148
439
272
551
734
1176
1454
862
1234
1759
2194
2458
1691
1943
1381
1089
476
71
56
61
120
84
70
122
189
300
304
714
610
1017
512
1125
892
1929
1775
2011
2784
1192
1568
794
483
94
101
95
134
76
200
182
159
483
450
738
342
1064
1456
630
1253
1297
2035
1526
2679
1909
1272
711
605
115
171
118
137
132
242
338
239
445
505
1027
897
1601
1824
1921
1333
2464
2328
2574
3287
2677
2084
1306
331
107
154
136
125
115
235
197
191
436
322
1029
588
1470
1778
1589
1508
1957
2682
3144
2845
2169
1390
1058
600
107
84
65
128
78
275
159
192
404
499
1086
1100
1626
992
1161
955
1606
1854
2360
2125
2978
1253
1146
526
105
64
75
71
105
205
186
151
456
313
903
741
1509
1298
1372
1822
1573
2103
1582
2460
1308
1341
1251
396
123
91
112
90
123
189
200
208
240
427
693
941
1422
1268
966
1178
2037
2101
2363
1387
1827
1057
527
467
99
88
105
75
108
179
166
200
352
428
696
591
1397
1385
1031
1015
1801
2483
1708
1718
1709
1653
738
420
86
91
98
63
86
175
156
188
429
352
862
733
1139
1193
958
1258
1152
2266
2339
1957
2071
1930
1170
575
124
117
103
131
120
190
260
251
438
560
820
1074
1498
1166
1324
910
948
1626
1405
2434
2856
1517
898
433
94
125
95
87
100
235
127
167
466
391
999
992
1187
1018
1378
939
1715
1534
1816
2160
1812
1024
652
522
103
70
94
108
85
244
255
209
414
396
710
867
1089
1379
1224
1162
1293
1618
703
2872
2361
1148
632
476
95
98
83
74
39
125
126
160
296
239
751
500
1117
1237
1019
895
1649
1441
1592
1076
1690
1194
1180
366
76
114
58
134
107
191
268
189
537
372
878
1002
1249
1174
1629
1503
1997
2357
2915
2792
2062
1701
1072
708
107
97
114
65
58
269
216
239
344
509
776
1053
1487
1321
1451
1371
1861
2735
2450
1785
2449
1608
1451
533
141
122
120
154
110
386
255
237
672
428
1074
1126
1625
1506
1582
1554
1707
2810
3011
3423
2867
1392
1401
617
124
139
142
142
120
211
289
201
390
352
864
736
1353
1436
1141
1695
2088
2799
2501
3118
2594
1400
1353
616
48
50
92
75
71
138
68
150
338
426
566
744
850
578
803
1283
1091
2230
2290
873
1867
1253
794
267
148
98
103
124
125
214
219
192
446
374
854
992
1441
1351
1374
1368
2036
1937
2659
2677
2519
1709
889
472
69
124
109
77
99
228
152
87
331
197
460
305
801
1591
1011
956
1607
1571
1516
2796
2277
1048
976
431
106
95
113
112
99
245
207
196
454
413
941
844
1815
1211
1467
1550
2091
2572
2610
4007
3246
1789
1281
561
129
102
115
121
97
221
185
203
468
484
759
839
1510
1085
1304
1161
1502
1998
2630
2581
2131
2190
868
593
54
80
102
115
82
196
151
117
361
261
1010
1000
1369
1716
1074
1231
1420
2116
2029
2036
2183
1353
1049
683
106
97
101
68
84
144
206
167
311
337
826
916
1227
895
1494
1699
2320
1565
1028
2555
2655
1777
991
358
131
131
77
109
136
190
212
264
372
612
803
1056
1502
1408
1216
1442
1958
2646
2721
2860
3114
1664
971
628
68
95
55
96
60
147
170
162
222
285
670
689
747
1163
1688
1310
2412
1948
2499
2277
2066
1155
1154
421
132
135
140
112
91
191
229
243
534
390
855
998
1358
947
1406
1222
2151
1581
2417
2246
2203
1752
1001
524
85
145
107
121
108
230
183
310
681
393
1153
909
1736
2085
1346
1384
2404
2009
2319
3286
2973
1777
1447
658
115
78
102
87
127
259
133
157
418
275
891
729
710
1427
1492
1246
576
1527
2166
2638
2776
1588
578
688
111
112
133
58
83
219
221
224
648
477
817
1070
1211
2191
1218
1055
1955
2353
2890
1982
2499
1725
1182
659
103
130
132
87
127
235
190
258
475
537
1066
1048
1154
1516
1846
1714
2093
2322
3564
3345
2807
1124
1139
515
106
112
76
112
99
187
307
237
483
458
630
780
1115
1391
1073
1290
1575
2109
2772
1942
1711
1305
879
461
77
126
82
73
125
182
181
172
284
332
726
537
1032
1430
1793
1082
1734
1614
2223
2989
1218
1648
1186
468
79
98
127
106
91
120
235
196
266
306
311
766
1090
1069
899
859
1649
1664
1435
1263
1687
1072
889
613
74
89
89
101
106
221
271
200
441
536
970
571
1161
940
1186
1260
1816
2603
3123
2861
2662
1628
1212
411
110
112
114
125
78
273
272
223
341
533
1109
772
1361
1442
983
1312
1554
2592
2231
1793
2897
1871
967
595
90
145
121
103
110
220
228
251
393
393
665
767
1175
1681
1114
794
2061
2008
2365
1568
2571
1879
1247
662
118
126
108
124
136
260
211
252
581
405
1158
952
1489
1545
1354
1338
2246
1964
3215
3386
2442
1552
1129
585
94
95
97
108
111
186
155
180
318
430
474
872
1753
1755
1214
1055
2130
2167
2874
2352
2806
1651
1074
469
79
82
69
82
75
143
173
140
358
420
910
673
982
1253
1102
981
1427
2750
2031
2688
1551
1423
1196
367
160
118
138
167
153
269
259
261
399
424
1137
1064
1874
1636
1945
1643
2657
2377
3699
3996
3138
1927
1408
711
101
107
116
92
89
233
240
174
541
352
822
967
1087
1266
1166
1092
1531
1789
2292
3194
1261
2429
941
480
143
101
131
133
132
246
209
194
426
551
1096
1331
1111
1196
1358
1537
1960
1812
2624
2078
2861
1968
1143
683
54
99
63
76
78
157
173
84
378
332
771
860
1159
1381
1496
861
1491
2455
2333
3193
2032
913
738
527
95
120
110
153
113
165
162
129
403
421
908
912
677
1637
1383
1370
1888
1591
1803
2450
3872
1722
1470
544
116
67
96
112
60
130
137
186
415
432
717
738
1266
1206
966
1308
1468
1264
2068
1938
1864
1328
897
478
124
115
105
107
116
241
239
222
430
298
963
1054
1470
1688
1245
1138
2149
2364
2414
3539
2864
1927
920
569
83
80
79
55
86
214
249
193
387
313
702
560
1462
1155
1758
1147
2035
1422
1961
2619
1904
1827
982
440
73
120
119
100
117
140
200
208
413
344
988
767
1226
1298
1276
887
2004
1548
2075
2402
2627
630
1211
495
148
91
109
79
155
187
200
260
469
373
880
926
1474
1289
1128
1096
1938
2066
2439
2217
2281
1603
1254
654
100
61
122
123
95
153
246
193
491
378
911
1154
1409
1075
1285
1362
2295
2010
2937
2443
2910
1184
959
421
115
105
106
99
100
276
231
236
494
415
901
918
1397
1396
1630
1603
2053
1660
3593
2669
2028
1979
1085
493
129
39
72
73
103
180
202
208
271
428
783
494
934
1909
1370
1465
1493
1407
2503
1751
1935
1475
1154
340
103
106
89
103
103
262
220
257
447
375
978
563
1033
1062
1209
936
1801
2383
2744
2473
1939
1226
756
465
107
99
102
116
111
203
232
207
280
412
974
764
1207
1169
1082
1231
1658
2048
2509
3014
1236
1978
1263
626
77
64
134
89
88
159
123
178
341
374
867
469
848
784
1074
1111
1593
1070
1583
1525
1376
1419
902
335
63
65
62
98
105
200
153
103
253
400
710
601
827
1575
1151
825
1419
1845
1974
2359
2629
1173
840
648
104
106
92
107
95
157
193
164
390
400
615
859
1535
1643
1620
1306
2475
1281
1422
2483
2460
1556
1272
409
76
106
42
69
96
137
108
164
363
360
389
561
1203
447
608
686
869
855
1491
1127
1001
839
689
126
60
71
95
90
84
256
231
227
323
482
844
510
924
1413
1113
1009
1245
2381
2186
2355
1776
1183
842
606
78
116
70
79
75
181
250
96
374
392
582
757
1126
985
730
1184
1281
3046
2425
2307
2016
1083
843
542
127
128
109
135
99
254
310
194
434
421
1152
1136
1445
1380
1484
1350
1774
2497
2498
4196
2130
1909
1204
581
115
101
86
102
94
217
181
190
470
394
762
668
1492
985
1893
1331
1587
1979
2653
2659
2991
1993
1246
580
79
60
83
70
69
162
220
116
325
277
490
900
1084
597
771
1021
1192
1410
1628
1764
688
671
1009
368
121
98
118
120
105
198
218
236
386
536
807
660
1142
1566
1400
625
1938
2131
2169
2696
1806
1812
1157
569
84
126
112
74
111
180
232
243
478
437
808
1051
1398
1699
1367
1865
2092
1771
2856
2664
2673
1427
1296
419
139
97
137
148
105
170
164
210
468
310
1090
1135
1019
1350
1295
1586
2330
1795
1760
2445
3077
2074
1301
642
46
75
65
115
110
189
154
181
363
429
749
639
1000
945
1428
1106
1497
1999
2530
3054
2871
910
1008
592
95
143
63
115
94
231
183
215
290
475
633
681
632
1325
1278
1146
1996
1427
1569
1982
1614
1270
1235
431
83
90
107
109
91
197
210
174
449
504
826
697
1522
1486
1193
1148
1646
2638
1697
3085
3314
1953
1241
407
137
88
132
146
129
203
291
313
498
414
884
866
1288
1517
1130
1349
2275
2571
2491
2886
3467
1829
1036
641
102
87
120
109
103
243
213
207
447
425
787
921
1394
1434
1120
1185
1500
2140
1768
2850
2401
1270
1512
502
98
93
90
78
114
223
123
243
551
491
577
784
1312
1149
978
1371
2380
1723
2814
2652
2566
1226
1277
571
122
106
92
73
73
205
135
127
357
359
383
770
868
866
1116
1302
888
2323
2491
2173
2173
1356
772
509
112
123
107
102
127
211
274
278
414
393
1065
1082
1507
1662
1623
1781
2155
2100
2888
3116
2955
2062
1081
493
107
128
121
109
105
197
164
211
466
479
933
793
996
1737
983
1671
1905
2825
2167
3867
1808
1378
1198
548
93
69
100
123
112
249
232
241
554
430
856
892
1371
1287
1269
1545
1348
2408
2415
1800
2303
1976
1293
538
71
90
107
82
63
177
169
133
377
283
649
439
1274
746
1132
1049
1849
1697
2154
2554
2160
1317
581
474
66
83
109
89
78
245
213
228
413
548
980
633
1111
1280
1591
1288
1811
2025
3199
2371
2761
1625
1253
470
90
53
111
74
58
190
156
196
357
348
1091
778
1049
698
854
791
1611
1839
1605
2055
1251
1289
794
476
121
119
114
133
108
264
246
174
482
430
737
1003
1801
1018
1163
1282
1616
1964
2212
3935
1757
1518
1264
609
79
49
62
99
45
0
176
112
179
288
306
342
564
857
704
1285
1691
1840
2108
1355
1373
851
683
275
73
86
89
88
80
239
167
110
247
248
462
756
1231
1046
323
966
1757
1878
2145
2766
1302
1824
880
660
89
100
84
104
78
255
129
222
422
274
1124
748
940
1079
580
1181
1692
1973
1585
2946
2437
1509
1194
586
112
105
75
79
117
180
192
144
268
400
782
500
662
1125
689
741
1174
2002
1448
1222
1830
1287
909
429
99
102
102
78
65
146
200
191
426
501
903
559
1429
950
1316
986
1624
2112
2090
2304
1473
1393
849
491
30
85
51
36
120
106
133
153
449
339
500
450
620
425
1075
843
1664
1819
1503
1005
1685
813
745
242
62
102
140
99
65
156
213
124
434
512
504
727
1082
1528
1088
863
1690
1714
1389
2366
2315
1078
953
287
78
90
119
114
76
184
219
213
254
377
679
638
1378
1390
1336
1222
1235
1284
2128
2492
1993
1658
1134
417
48
53
91
39
82
68
117
190
536
313
821
578
1397
1385
1188
1204
2240
1809
1656
1866
2496
1014
682
405
71
84
40
88
52
176
122
115
440
366
611
741
603
519
1023
1005
1975
1799
1376
1578
1992
1473
665
521
86
96
87
74
118
163
126
168
262
380
625
857
1290
844
1159
1528
1410
2394
1630
1840
1647
661
1071
547
90
153
132
133
132
229
190
249
456
466
802
1169
1427
932
1573
1183
1600
1667
2561
2442
2052
1996
1465
472
113
108
112
83
104
225
183
225
669
436
780
990
1449
1323
1026
1236
1480
2431
2451
2540
2355
1278
984
587
86
83
79
86
130
249
90
166
414
352
903
907
1142
1298
1802
1295
1324
2097
1789
3261
2046
2080
1235
734
94
116
119
96
130
178
223
225
321
460
587
742
1462
1272
1164
1076
1174
2084
2119
2121
2442
1361
995
354
45
63
66
58
80
152
90
198
371
351
535
568
1006
1054
958
805
1329
769
1667
1931
1118
922
807
505
93
74
69
69
48
145
61
139
182
301
532
696
1254
1427
902
1087
1018
1626
1826
1621
908
900
656
346
141
145
129
138
122
313
285
245
722
622
1299
1018
1934
1573
2011
1773
2417
3082
3196
4382
3703
2345
1036
621
143
99
103
105
85
195
209
163
428
330
932
809
1012
1358
1897
1098
1613
2659
2157
1666
2758
1785
1009
383
123
88
113
104
108
208
261
246
447
386
669
1122
1080
1215
1524
952
1388
2590
2065
3348
2669
1521
1097
634
94
71
83
109
74
108
173
185
512
254
723
868
691
796
691
1134
1565
1972
637
2181
2481
1309
930
485
114
113
141
117
141
219
308
248
451
514
815
1243
1491
1648
1774
1242
2188
1713
3127
2866
2552
1494
1654
490
121
96
89
111
108
193
204
208
402
403
768
1068
760
749
1267
1075
2188
1667
2819
2909
1860
1497
1017
537
77
106
76
68
95
102
183
128
363
179
513
919
452
735
983
1345
1613
1596
967
1523
1714
888
849
288
120
106
70
111
73
230
156
216
457
348
937
930
1181
1041
1572
1325
1749
1537
2496
2011
1288
1691
827
371
109
73
100
100
104
234
162
223
437
422
765
747
1227
1216
1404
1489
1813
2511
1886
2845
1993
1348
1340
605
136
139
61
106
125
174
224
187
442
361
726
775
878
1139
1159
947
1993
1700
2654
1697
1336
1501
898
438
90
111
107
121
123
168
247
172
452
533
1062
865
1360
1643
1349
1313
1772
1667
2287
3679
2369
1939
1205
621
112
109
90
111
107
290
184
216
489
393
922
860
1037
1232
1059
1090
1800
2265
2241
2785
2270
1617
1243
422
119
104
123
115
91
200
225
225
505
363
620
795
1571
1377
1152
1489
2545
1381
2200
3057
2973
1672
1060
657
62
101
102
75
73
213
181
196
394
371
894
725
737
778
1063
833
1494
1589
2043
2787
1851
1493
763
471
124
121
122
137
75
230
262
215
464
443
889
1191
1722
1295
1778
1025
2151
2413
2173
3016
3609
1792
1663
638
93
81
48
86
100
170
215
196
494
469
768
1001
1191
1061
1505
1186
1522
1260
2634
2830
2370
1505
751
220
62
139
119
105
73
249
125
97
473
400
707
789
1144
874
1420
1030
1498
1590
2362
2326
1814
1326
1310
514
113
104
95
97
75
242
229
152
224
549
595
875
1130
596
709
985
1203
1987
1295
2689
1706
1024
830
464
60
91
66
66
32
172
112
138
298
284
762
1033
844
1191
1079
1143
1605
1408
1715
850
2296
1206
856
327
132
114
131
103
122
294
274
289
269
586
998
885
1607
1709
1460
1982
2322
2272
2123
3266
3011
1451
1245
732
114
118
118
129
107
249
222
211
449
436
972
883
962
1317
1401
1008
1882
1928
2361
2808
2692
1278
1253
473
81
114
94
111
82
206
253
222
437
212
473
934
1199
1500
1139
810
2102
2178
2138
1894
2018
857
1173
305
108
109
120
139
97
210
176
245
429
435
567
899
879
1901
1675
1422
1458
2218
2625
2548
1795
1480
1178
555
98
116
85
87
142
187
237
233
439
452
1224
683
1398
1080
1415
1407
2252
2298
2037
2190
2416
1632
1575
338
61
49
45
81
62
175
93
89
298
350
597
1028
534
915
818
770
1138
1062
1426
2920
2297
1397
502
356
76
80
77
85
83
180
74
138
220
343
289
428
938
1117
625
830
1417
1787
1150
1853
1188
1228
576
309
66
46
92
62
115
176
187
170
452
161
630
442
1076
1113
1419
598
1224
1699
828
1021
2009
954
522
606
59
99
99
106
77
172
189
199
558
503
644
733
1158
1054
1343
1801
1601
1514
2871
2279
2367
2153
1323
540
82
123
131
81
89
190
220
265
380
401
795
1192
1434
1447
1330
1246
1963
1468
3244
2561
2286
1597
1143
480
135
134
126
135
145
221
260
236
463
613
1101
957
1650
1564
1318
1587
2925
2662
2901
2951
3263
1732
964
618
57
104
112
107
104
184
199
155
452
407
815
874
1232
864
810
1366
2242
2024
1416
3067
2573
1487
987
432
80
107
112
103
95
237
224
257
525
479
846
784
1218
1263
1454
1149
1923
2890
2774
3169
2677
1482
842
459
128
82
67
113
81
208
145
167
345
374
705
973
1134
1001
1314
1149
1236
2049
1645
1892
2422
1737
1307
482
101
123
101
134
59
160
247
303
353
349
710
844
794
1148
1087
1029
1878
1384
2049
2669
1392
1725
418
362
117
72
52
89
96
177
190
149
248
383
587
537
997
1363
1183
946
2217
1985
2595
2815
2121
774
662
341
82
99
147
113
84
195
213
168
492
430
697
848
1304
1172
757
1253
1245
1782
2398
2234
1309
1377
945
489
101
74
107
105
136
218
167
215
420
289
807
376
1044
1198
1427
698
1410
2397
2139
2820
2048
2010
1050
383
116
119
106
126
118
159
150
188
340
392
828
543
1286
1153
1428
1191
1450
1802
2247
3216
2203
1183
677
371
122
100
90
77
104
201
168
104
196
394
802
788
1132
1212
1042
708
1264
1320
1705
2737
2455
1293
812
434
71
96
82
80
91
163
269
175
409
323
825
805
898
907
476
983
1389
2104
1262
1770
1892
1088
847
618
136
78
91
85
52
228
239
217
529
341
643
966
1076
1419
1448
1500
1888
1719
2878
1399
2381
1495
1161
499
107
78
86
103
123
213
167
191
216
427
911
1042
771
911
1539
1373
1692
2145
1543
2871
2273
1472
868
449
59
87
93
69
80
146
202
160
264
350
623
1004
933
563
1096
1101
1594
1819
2126
1623
1874
711
639
318
111
102
60
94
93
236
273
243
526
406
699
900
1286
1522
866
1403
2019
1720
2075
2697
2120
1284
1139
450
94
93
114
107
119
243
172
197
368
681
868
1096
920
1278
1112
1595
1828
2101
2254
2021
2678
792
836
467
90
98
93
111
137
213
177
186
417
410
868
951
1117
1449
1359
1219
1942
1229
1986
2309
2622
1216
961
653
118
111
85
67
97
239
215
283
369
306
802
864
1425
1459
1421
1378
2593
1509
3671
2962
2723
1689
1049
474
126
110
90
111
114
183
309
260
696
501
865
1014
1195
1685
1524
1484
1872
2968
3665
2079
2238
1545
1178
620
105
97
110
112
110
233
143
248
497
496
923
799
1411
1735
1963
1429
1910
2256
2107
3099
2739
1799
1004
767
83
91
95
97
116
198
214
249
427
337
646
682
1536
999
1189
1070
1843
1011
2136
2341
3226
1376
930
484
137
139
133
119
123
149
185
216
430
573
948
890
1669
1230
1678
1355
1985
2746
2321
3292
2337
2470
1505
636
78
133
113
121
113
237
241
204
370
280
850
884
1055
764
1296
1220
1383
1993
2825
2866
2456
1391
734
410
129
135
105
89
96
174
228
214
442
439
756
753
1004
1270
1040
1439
1941
2611
2545
2975
2728
1932
910
474
88
127
100
102
87
243
208
231
352
378
591
573
1404
784
1000
1218
2191
2160
2789
2399
1519
1599
1070
408
104
95
113
141
99
79
165
201
314
526
875
538
1308
1465
825
1021
1256
1313
2280
2155
2582
1697
936
627
143
92
89
119
76
190
179
215
606
339
527
803
1378
1444
1494
839
1629
2502
1930
2017
1512
946
722
592
139
104
106
115
101
144
143
239
477
491
1119
531
1566
982
1267
1340
2444
1489
2676
3755
2153
1692
1030
605
112
94
119
94
68
165
246
253
491
448
985
504
1377
1077
1086
813
1597
1958
1558
2469
1580
1458
835
487
129
110
127
141
110
268
291
221
445
542
1120
872
1452
1882
1635
1591
2047
2489
3291
1931
2706
1750
1285
568
52
59
69
65
56
202
165
201
186
365
739
615
1239
1393
881
1279
1149
1635
1948
1337
1623
1210
940
342
75
133
81
98
63
142
193
141
387
325
655
558
1012
900
1023
844
1288
1701
1770
2212
2087
521
639
297
131
60
89
97
102
169
301
184
624
504
992
613
1334
1291
1230
1482
1661
2542
2581
2378
2355
1124
836
420
110
88
126
113
119
218
294
218
312
379
1059
835
1105
1788
1533
1341
1892
2556
1931
2211
2972
2336
776
452
110
136
152
79
112
173
300
168
507
382
598
1057
671
1877
975
1194
2115
2031
2491
2618
1740
1633
1087
552
160
116
120
157
123
211
301
273
513
492
1165
1021
1939
1483
1241
1524
2187
3107
3576
3547
2914
2155
1344
840
94
147
101
131
141
163
275
262
431
596
915
798
1845
1728
1623
1667
2093
2941
2732
3247
2685
1722
1534
503
94
124
112
90
92
174
220
270
495
429
750
747
1453
1139
1047
1000
2212
2321
3045
2816
1580
1329
697
524
93
81
49
71
90
132
176
158
283
412
811
536
1597
831
558
1424
1897
965
1998
2621
1570
1283
766
528
107
91
132
105
110
247
241
193
488
432
738
1106
1284
1370
1496
1212
2746
2273
3049
2769
2478
1609
1058
514
117
103
65
109
125
224
186
172
501
562
986
849
1802
1190
1251
1442
1914
3010
1554
2729
1583
1676
835
543
115
121
103
66
74
205
194
240
403
354
649
818
1095
1118
1318
1514
2576
2275
2535
2441
2169
1783
1116
523
126
80
80
118
57
166
267
230
367
511
951
740
1408
1836
1543
1374
1973
1687
2901
2302
2074
1497
1137
488
144
137
105
110
140
181
261
170
444
370
1148
685
1142
1125
1631
1700
1746
1661
2146
2272
1324
1364
979
553
145
126
105
130
111
246
215
269
452
533
1018
1003
1455
1408
1335
2343
3058
2249
2712
1857
2930
2367
1195
642
148
106
76
138
111
160
178
304
429
518
860
1141
1437
1466
1835
1429
1235
2343
2433
3048
2714
1785
969
481
113
97
101
108
100
184
133
219
429
262
993
704
1454
1240
1590
1647
1554
2742
3132
3082
2244
1003
957
472
125
121
111
92
152
225
248
240
402
366
1094
931
1589
1265
1670
1383
1553
2853
2631
3396
1990
1587
1616
636
137
121
143
122
138
205
285
204
516
380
742
891
1890
963
1094
464
1909
2000
3465
3253
2937
1891
1160
274
64
100
126
110
116
181
275
164
343
372
807
522
958
1165
1196
1822
1845
1884
2764
2186
2140
1590
696
504
150
94
127
107
100
194
154
214
481
479
845
1024
1057
1182
1267
1428
1879
2205
1837
2340
2424
1841
1333
561
48
69
66
91
75
119
168
89
213
263
685
875
682
642
767
939
1740
1236
2281
1532
1435
943
1006
401
93
90
98
130
113
155
216
192
288
350
621
695
951
1456
1770
1322
1318
1109
2313
2655
2033
1746
1182
624
106
104
92
131
134
257
225
312
436
410
662
1129
1067
1804
1317
1403
2058
1997
3301
2906
3342
1670
1488
644
96
69
38
58
82
165
115
146
285
301
444
537
888
793
1013
868
1157
1025
745
2238
1926
989
845
394
109
98
104
84
125
162
141
172
432
565
860
705
1055
1257
996
1191
1504
1675
2353
2037
2186
1540
1045
638
88
149
133
115
133
249
214
230
580
496
1239
819
1361
1459
1420
1221
1277
2114
2644
3346
2373
1377
879
625
87
55
145
72
97
197
127
252
499
493
745
638
1229
1067
1146
1055
1550
2635
2152
2893
2070
1397
1133
356
61
38
81
53
98
148
120
225
445
370
403
612
864
1394
1009
1150
1378
2326
1667
2421
2106
1581
163
469
72
96
78
83
94
152
201
157
445
435
638
639
1247
1166
1502
1268
1786
2015
1791
1717
2593
1487
574
398
127
117
90
85
103
199
102
169
455
339
620
809
860
923
1049
1371
1831
1932
1634
2406
3118
955
763
391
137
103
118
100
121
249
242
152
474
466
1290
668
1387
1112
1553
1238
2222
2503
2630
2353
2228
1558
1245
553
140
99
124
106
104
173
211
201
515
561
1030
1065
1056
1139
1298
1266
1689
2813
2353
3048
2614
1627
984
624
62
48
97
75
53
164
160
164
301
398
687
590
785
1222
888
680
1192
2042
2690
2153
2358
1887
1015
388
131
92
105
91
94
262
206
257
465
313
1093
833
1804
1248
1241
1184
1601
1586
2434
1988
1850
1911
1227
470
94
109
68
77
135
215
192
140
458
387
894
763
1461
935
1273
1134
1924
2202
1988
2767
2010
1135
845
410
103
82
72
82
81
199
211
119
307
501
770
844
764
1040
1048
886
1363
1278
1830
2121
1818
1032
525
397
81
132
109
103
93
167
177
251
448
296
784
984
1051
1118
1480
1417
1770
2272
1883
1997
2453
1424
988
584
120
134
136
136
121
226
268
206
529
556
1090
1389
1723
1479
1503
1312
1805
2728
2936
3571
2997
2284
1348
766
79
115
112
93
143
226
155
278
338
535
659
783
988
1576
1146
1272
1760
1653
1672
2796
2794
2032
1204
508
95
121
134
104
143
251
318
292
551
462
1115
1000
1406
1705
1509
1230
2498
2780
2381
3070
2165
1401
1232
736
113
85
114
130
120
169
250
163
391
451
914
1151
1702
1459
1726
1329
1967
2791
1805
2730
2610
1841
1292
387
79
121
97
85
97
275
121
187
219
357
720
741
1160
1809
1161
1112
1946
1716
2162
2399
2101
1887
881
519
111
105
136
86
135
290
209
191
365
387
545
823
982
926
974
1336
1795
2480
1772
2139
2391
1910
1128
579
104
106
56
51
80
222
165
171
398
169
740
409
1008
1085
1210
1010
1883
2153
1670
2092
1806
1338
992
534
92
72
56
92
61
180
154
158
185
347
802
781
1037
683
1113
1071
1241
1311
1138
1969
2107
1562
625
250
102
116
71
109
147
217
265
188
451
519
884
892
1221
1259
1495
1718
1501
2351
2651
2566
2414
1136
1020
571
70
104
91
90
105
203
203
226
373
438
1048
911
1164
1717
1408
1194
2157
2264
2490
2550
2131
1327
936
742
117
112
92
105
98
176
203
238
343
313
785
614
981
1119
1199
873
1775
1381
1275
1896
2461
1126
908
509
69
125
84
111
129
226
202
299
483
376
960
833
1209
1472
1800
1498
2128
1903
2791
2416
2035
1474
1309
611
101
111
110
99
129
214
237
259
391
412
905
1026
1548
1289
1270
1391
2275
2371
2142
3137
3016
2283
1406
647
99
84
98
73
66
203
110
101
175
292
554
848
1345
1507
1067
927
1412
1828
1553
2110
1467
586
727
436
81
133
122
149
109
262
259
163
489
460
475
894
1238
1049
1072
1406
1936
1629
1687
1669
2740
1402
1020
463
100
141
117
114
123
268
272
304
587
561
779
945
1589
1499
1300
1593
2221
1948
3191
3967
2762
1473
1321
689
82
83
61
68
90
172
262
214
254
403
789
908
1613
1501
1008
1188
1771
1890
2283
2910
2326
1439
1399
510
85
63
73
72
87
193
142
121
192
397
633
414
1167
1125
870
529
797
1889
2342
1625
1328
989
1014
241
106
71
146
97
125
248
261
266
480
531
992
1085
1599
1261
1594
1239
2082
2638
3481
2618
2086
1070
954
670
98
119
118
111
103
211
210
264
466
456
830
964
1312
1672
1919
1418
2023
2306
2095
2647
3289
1775
881
482
132
100
103
124
91
232
295
244
423
481
498
543
1219
1853
1331
1136
2100
2209
2231
2772
1765
1297
814
603
93
89
53
101
126
108
143
159
149
381
495
587
608
1389
647
1146
1633
1424
2192
1919
1660
844
1019
415
99
78
149
111
115
226
249
235
327
336
856
921
1500
1320
898
1609
1149
2145
2972
3104
2906
1830
1038
482
91
80
95
88
96
155
191
186
365
344
748
724
1099
997
1139
958
1404
1072
1629
2178
936
1472
668
437
92
104
127
105
82
275
154
216
321
527
754
1013
1844
1421
1501
1296
2012
1336
2418
2628
2341
1795
972
482
128
50
28
63
99
110
94
61
346
364
832
823
1067
1102
892
214
1688
1583
1298
1620
1506
1364
1037
407
112
104
88
98
99
197
186
175
490
433
923
754
1181
991
1080
1400
1681
1949
2023
2159
900
1330
1020
467
113
92
99
85
125
198
189
193
449
446
856
1128
1297
776
927
957
2213
2219
1626
2181
2493
1503
882
407
108
121
125
145
114
308
228
211
489
371
757
950
1467
1507
1508
1179
2279
1976
3408
3101
3335
1566
789
703
96
104
88
111
107
202
239
172
550
361
668
907
1002
1145
552
1111
2146
2251
1800
2397
3086
1770
1069
564
129
104
111
117
108
231
198
193
291
400
868
537
792
1504
1111
821
1112
1734
1966
2931
1825
1065
1102
460
108
119
113
103
84
237
193
219
457
491
620
1146
1250
1547
1671
1396
1934
3201
2584
2567
3256
1253
1044
630
99
88
105
113
101
215
212
141
329
305
825
897
770
1161
1297
1081
1244
1044
2491
2826
1663
883
1195
585
100
95
137
88
93
213
234
193
466
386
979
962
865
1582
1496
1460
1522
1688
1937
2628
2256
1579
1183
578
134
89
110
141
107
205
217
207
459
469
950
784
1344
924
1575
1144
1861
2561
2700
3194
2228
1201
834
538
94
97
92
94
121
190
210
211
403
459
697
500
1448
1058
1428
1887
1902
2377
1308
2285
2507
1169
1077
425
73
115
90
85
133
188
185
204
460
443
729
802
1044
1125
1058
1154
1474
1914
1709
2596
1338
2099
857
577
140
118
154
126
149
193
249
185
513
511
1190
1150
909
1310
1811
1197
1557
2723
2833
3116
2383
1675
852
455
120
112
108
104
104
197
205
264
342
414
1073
1007
1275
2029
1525
1476
2431
1855
1069
2545
2303
1621
1052
462
87
108
102
128
88
174
242
227
314
437
911
790
1330
1076
1627
1208
2008
2152
1807
2437
2628
1508
1236
645
77
99
126
100
115
189
153
111
484
462
869
765
899
908
700
1378
2214
968
2271
1768
1946
1327
724
441
85
55
92
70
98
135
196
180
403
274
408
543
1343
1379
1211
1202
895
1679
2152
1804
1221
1251
1085
291
142
107
117
110
70
251
244
203
438
455
792
808
1646
1346
1602
1604
1866
960
2327
3045
2214
1449
867
429
63
65
71
69
94
148
129
78
340
345
490
777
1177
963
977
888
754
1917
1738
2344
1934
1070
686
382
105
94
83
65
113
215
136
210
445
412
669
1045
1198
1193
1327
1248
1993
1644
2750
2531
2213
1491
1030
374
113
93
127
107
112
233
245
144
510
483
590
684
1582
1125
1126
1454
2090
1260
2289
2129
2228
1514
1204
607
89
47
66
84
61
105
144
129
332
285
571
574
1072
772
1259
585
1530
1707
1722
1162
1307
870
740
468
132
93
154
112
117
238
266
219
381
394
864
552
1183
1394
1220
1465
1526
2064
2305
2382
2532
2001
1458
441
147
89
148
87
92
138
246
243
388
327
920
768
1198
1438
1329
1299
1573
1695
1401
1858
2027
1684
1200
374
116
105
95
84
95
187
198
218
291
384
868
608
1211
1771
1424
1412
2072
2121
1811
2478
1516
1432
980
506
125
132
109
134
148
163
209
310
512
528
1159
717
1499
1244
1406
983
1806
2394
3238
3670
2728
2000
1147
727
80
105
84
130
104
200
175
187
264
310
752
593
923
1195
1476
1339
1754
2013
1820
2471
2202
1789
810
414
76
124
79
70
53
149
159
108
250
288
598
962
733
849
1459
853
1655
1468
1340
1450
1879
1464
747
458
79
108
98
159
163
187
225
220
285
417
668
658
1030
842
1495
1533
1594
2410
2366
2807
2325
1941
965
413
114
101
103
107
119
138
165
192
446
333
627
770
1139
1416
994
1288
1431
1002
2705
2922
2502
1218
942
319
82
95
61
46
81
244
202
177
385
367
1010
920
1416
1081
888
1323
1429
1969
2478
1906
2163
1211
1049
401
107
100
77
99
77
191
197
182
452
401
802
717
1089
1228
797
1436
2127
1812
2274
2631
2944
1631
1218
456
64
72
92
92
92
204
150
170
335
388
660
1048
1068
1253
1006
991
1900
1236
3500
1953
1703
1341
1274
721
65
103
86
74
96
174
231
198
202
446
655
992
1402
1063
1159
1514
1528
2206
1984
2645
1546
951
760
500
101
77
65
121
52
185
242
216
370
476
753
844
1478
1454
1070
1364
2203
2242
3859
2833
3364
1421
1171
494
117
99
92
80
114
168
218
100
435
448
855
643
1218
769
1086
1163
1786
1988
1886
1921
2326
1613
1018
468
91
94
80
61
53
176
166
90
316
465
976
558
1693
1175
1079
1033
1881
1333
1716
2140
1875
1486
904
416
86
112
100
84
83
182
219
196
476
282
640
914
787
1384
1550
982
2163
1801
2769
3284
2716
1183
1232
477
57
94
81
81
80
105
217
111
431
392
589
768
1162
1366
970
1141
1695
1530
1357
2275
1937
625
1003
379
103
66
163
126
103
233
173
279
495
387
829
700
1228
1024
1187
1005
1883
2630
2764
2754
2114
1598
1043
360
13
86
108
97
97
218
90
228
380
319
327
874
1067
1115
884
1419
1071
1762
1664
2099
1440
549
943
309
75
108
106
93
94
116
159
236
328
389
621
653
1473
613
1202
884
1339
1441
2051
2490
1564
1055
987
303
50
97
81
90
94
112
170
151
325
409
905
995
1678
1317
1315
1536
1200
1683
2070
2215
1693
1929
750
476
148
101
77
94
82
306
226
265
330
464
701
522
986
1197
1645
1364
1987
2756
3166
2577
2380
1555
1053
617
150
122
118
109
88
204
205
177
485
483
908
754
1548
1675
1171
1835
2408
2374
2800
2299
2486
1749
1054
652
80
103
88
108
107
179
232
165
384
421
671
793
1471
1455
1348
1212
1357
1449
2568
2475
2466
1483
1047
454
146
115
114
123
149
248
178
266
571
499
901
983
1669
1239
1554
974
1798
2446
2603
2908
2411
1743
1389
633
51
130
43
98
109
172
129
218
565
336
699
626
1467
1013
1015
1158
1448
1832
1642
2214
1792
1599
1157
469
127
132
74
133
61
198
198
167
490
464
868
708
1392
1557
994
1457
1950
2341
3704
2226
2273
1436
1064
505
92
116
92
84
54
202
207
175
416
319
831
632
1322
887
1002
1193
1046
1673
2350
2962
1843
876
1001
533
116
137
83
116
94
185
240
238
411
402
842
720
1479
1332
1280
1446
1791
1918
2228
3411
2805
1426
1080
598
140
100
86
143
125
230
281
257
443
301
1036
936
907
1351
1523
1483
2177
2949
3127
3928
2407
1670
1291
520
65
14
67
32
66
80
176
163
307
264
555
329
1108
502
979
671
1198
611
1426
936
1567
1162
734
327
72
69
109
100
58
114
139
271
197
240
758
528
933
988
482
833
1307
1139
1576
2515
990
1151
813
196
124
125
122
79
77
305
184
134
334
351
967
623
1141
1262
1121
1722
1500
2015
2558
2539
1971
1506
1103
552
85
142
95
93
139
190
158
240
470
319
916
996
1204
1803
1545
1427
1866
2177
2983
2528
2940
1379
1032
329
66
98
76
84
94
170
78
176
577
387
545
612
979
992
555
1006
986
1426
1788
1248
904
1511
837
290
125
135
88
86
92
198
183
246
449
420
969
738
1051
1379
1054
1151
1162
2089
1775
3158
2682
1704
1071
457
98
58
84
115
51
143
189
85
315
381
321
514
490
522
1318
956
1351
1821
1496
1640
1617
1453
901
326
49
53
59
56
105
150
148
165
390
351
651
390
1089
1115
990
1170
688
1396
1772
2117
2040
1195
1003
480
87
126
98
107
92
168
241
212
487
575
747
703
919
1297
1265
1317
1645
2687
2690
2405
2635
1961
1295
515
138
136
129
124
147
292
263
266
459
669
1132
1083
1473
1135
1465
1833
1646
2339
2184
2938
3344
1565
1055
636
82
83
62
64
81
142
123
126
313
407
642
470
867
1118
798
1182
1799
1601
2100
2366
1586
1184
890
488
112
83
113
118
122
225
214
337
559
456
609
1222
1331
1522
1561
1827
1943
1808
1642
2761
1596
1359
1142
609
131
99
79
92
61
213
201
253
396
379
751
688
815
1117
1216
1890
2133
1518
3172
2550
2043
1980
1281
464
102
152
99
105
110
255
193
259
426
300
869
425
1327
1407
1409
1501
2182
2506
1767
2739
2075
2354
901
514
43
115
114
67
86
142
210
170
268
333
943
706
1231
1026
658
1244
1555
2050
1312
2195
1774
1286
1090
471
99
66
78
108
96
229
232
218
387
474
785
764
921
1385
1274
1742
2203
1665
2130
2320
2595
1401
898
496
136
75
132
107
81
303
303
135
537
392
759
843
1600
786
1626
1294
1936
2375
2550
2154
2798
1693
1023
652
116
113
95
107
107
184
153
207
440
380
626
855
961
1177
1077
828
2317
2038
1922
2567
2326
1493
1010
683
71
76
136
111
105
223
172
179
321
454
765
805
997
1084
1148
1590
1656
1894
1780
2382
2247
1187
1292
578
118
45
103
68
70
154
174
216
348
234
895
465
1273
577
1306
849
1080
953
2013
2492
2182
1174
695
351
133
80
80
104
115
199
270
193
274
398
833
943
1604
1570
1571
762
1886
2242
2552
2693
2501
1226
745
671
89
68
111
54
112
144
160
181
380
377
660
836
703
810
594
1362
1183
1816
2160
2065
1552
1319
995
384
75
104
80
148
139
233
261
214
390
495
766
801
1530
1380
1512
1267
1822
1877
2821
2636
2155
1370
668
410
122
84
87
97
86
214
128
213
270
525
718
589
1100
1101
1371
1006
985
2036
2613
1901
1762
1698
836
499
84
99
84
82
79
158
132
199
363
284
826
631
722
1149
770
1358
1493
1161
1303
1771
1093
1229
707
382
122
124
138
97
102
234
178
142
443
307
651
887
1239
1373
1477
1848
1620
1601
1961
2345
2206
2289
1046
673
104
110
117
75
126
338
297
218
485
391
862
1133
984
1444
1333
1362
2393
2130
2737
2580
2063
1571
980
561
91
72
80
115
99
277
248
241
469
396
923
916
1333
1363
1276
1357
2123
1134
1679
2491
2874
1243
1068
635
120
98
95
70
81
165
205
182
512
504
690
952
1237
983
734
814
1278
1820
1868
2805
1270
1292
832
393
74
91
59
58
100
207
208
182
226
320
762
758
726
1347
998
1239
2076
1329
1690
3166
2724
1909
716
443
89
94
97
92
101
188
204
168
349
288
699
1016
974
1322
1354
1611
896
1338
1663
2297
1960
1075
1007
390
118
136
126
106
121
214
226
240
480
446
856
723
1557
1787
1553
1675
1479
1978
2078
2861
2447
1451
1035
533
150
155
180
175
165
290
286
286
669
656
1248
1346
1617
1773
1842
1724
2831
2929
3062
4319
3301
2350
1312
633
89
119
100
87
127
214
184
205
374
436
931
385
1281
1349
1116
1534
1491
1771
2414
2691
2483
1400
1301
481
