0
0
0
0
0
0
431
1307
2698
4204
5459
6303
6688
6607
6051
5043
3669
2141
932
158
0
0
0
0
0
0
0
0
0
0
321
1020
2219
3614
4977
5991
6510
6501
5990
5028
3676
2154
937
158
0
0
0
0
0
0
0
0
0
0
415
1288
2678
4190
5448
6294
6664
6584
6034
5040
3678
2161
942
158
0
0
0
0
0
0
0
0
0
0
257
1002
2539
4146
5419
6265
6647
6562
6019
5030
3676
2161
940
100
0
0
0
0
0
0
0
0
0
0
172
511
1636
3017
4407
6237
6630
6573
6042
5081
3693
2179
952
158
0
0
0
0
0
0
0
0
0
0
383
1258
2634
4130
5355
6197
6591
6524
5954
4947
3597
2186
956
158
0
0
0
0
0
0
0
0
0
0
218
889
1872
2732
3118
6275
6670
6553
6017
5042
3704
2188
960
158
0
0
0
0
0
0
0
0
0
0
366
1238
2630
4160
5436
6303
6710
6644
6097
5093
3712
2210
965
158
0
0
0
0
0
0
0
0
0
0
355
1228
2618
4148
5425
6287
6722
6646
6099
5112
3725
2180
955
132
0
0
0
0
0
0
0
0
0
0
348
1218
2606
4142
5425
6294
6708
6637
6108
5121
3763
2231
972
164
0
0
0
0
0
0
0
0
0
0
311
1132
2320
3698
4966
5992
6536
6567
6066
5103
3757
2232
975
158
0
0
0
0
0
0
0
0
0
0
326
1198
2575
4109
5382
6247
6555
6604
6064
5090
3747
2231
978
158
0
0
0
0
0
0
0
0
0
0
280
1181
2527
4067
5367
6205
6524
6261
5401
4046
2481
2082
977
158
0
0
0
0
0
0
0
0
0
0
286
1175
2523
4031
5296
6162
6573
6537
6055
5110
3775
2249
983
158
0
0
0
0
0
0
0
0
0
0
290
1160
2476
3949
5197
6244
6666
6620
6105
5142
3795
2259
985
158
0
0
0
0
0
0
0
0
0
0
152
796
2519
4052
5334
6230
6648
6597
6098
5125
3790
2263
987
158
0
0
0
0
0
0
0
0
0
0
266
1146
2512
4047
5342
6229
6550
6516
6103
5136
3805
2258
982
145
0
0
0
0
0
0
0
0
0
0
260
1136
2520
4085
5407
6301
6725
6697
6177
5208
3851
2298
991
158
0
0
0
0
0
0
0
0
0
0
247
1127
2521
4097
5450
6379
6770
6709
6189
5214
3852
2292
991
151
0
0
0
0
0
0
0
0
0
0
235
1117
2507
4079
5398
6299
6741
6692
6178
5215
3852
2296
991
151
0
0
0
0
0
0
0
0
0
0
216
1099
2448
3996
5340
6202
6582
6492
5994
5051
3750
2255
984
145
0
0
0
0
0
0
0
0
0
0
191
1086
2454
4020
5345
6265
6702
6665
6168
5206
3859
2297
989
145
0
0
0
0
0
0
0
0
0
0
203
1083
2455
4012
5338
6248
6692
6660
6164
5201
3855
2301
989
145
0
0
0
0
0
0
0
0
0
0
178
1018
1990
2405
1668
4725
6261
6621
6125
5197
3856
2309
989
145
0
0
0
0
0
0
0
0
0
0
145
784
1674
2574
3332
3873
4133
4114
3833
3280
2503
1995
956
138
0
0
0
0
0
0
0
0
0
0
158
954
2162
3576
4913
5749
6165
6170
5702
4822
3592
2274
984
138
0
0
0
0
0
0
0
0
0
0
164
1041
2427
4012
5357
6305
6768
6749
6271
5295
3908
2327
982
138
0
0
0
0
0
0
0
0
0
0
47
379
843
1284
1649
2644
3518
4112
4289
3986
3196
2218
974
138
0
0
0
0
0
0
0
0
0
0
86
670
2402
2294
3313
5329
6438
6674
6213
5272
3918
2335
977
132
0
0
0
0
0
0
0
0
0
0
145
1010
2402
4000
5356
6289
6765
6741
6251
5286
3920
2335
972
132
0
0
0
0
0
0
0
0
0
0
145
996
2361
3827
4874
5812
6328
6376
5962
5082
3788
2177
858
80
0
0
0
0
0
0
0
0
0
0
138
989
2390
3995
5355
6295
6773
6761
6265
5305
3935
2338
966
125
0
0
0
0
0
0
0
0
0
0
132
965
2289
3730
4875
5735
6172
6160
6041
5237
3915
2325
955
119
0
0
0
0
0
0
0
0
0
0
125
966
2362
3963
5319
6268
6746
6746
6244
5283
3912
2315
931
93
0
0
0
0
0
0
0
0
0
0
99
912
2281
3901
5286
6230
6709
6709
6224
5275
3914
2323
945
112
0
0
0
0
0
0
0
0
0
0
118
945
2352
3966
5332
6276
6750
6744
6253
5297
3929
2326
938
112
0
0
0
0
0
0
0
0
0
0
112
932
2336
3951
5318
6275
6755
6755
6265
5308
3931
2325
931
106
0
0
0
0
0
0
0
0
0
0
105
920
2324
3935
5304
6262
6749
6749
6246
5276
3893
2315
924
105
0
0
0
0
0
0
0
0
0
0
79
797
1943
3194
4281
5736
6553
6707
6263
5318
3944
2323
916
99
0
0
0
0
0
0
0
0
0
0
99
900
2324
3959
5350
6310
6803
6797
6300
5323
3935
2317
908
99
0
0
0
0
0
0
0
0
0
0
79
770
1810
2726
3222
4272
5046
5414
5528
4949
3787
2272
890
92
0
0
0
0
0
0
0
0
0
0
79
831
2234
3893
5312
6274
6761
6762
6270
5303
3924
2290
878
86
0
0
0
0
0
0
0
0
0
0
86
858
2221
3575
4254
5545
6341
6564
6195
5290
3921
2278
855
79
0
0
0
0
0
0
0
0
0
0
85
849
2279
3906
5260
6243
6738
6745
6258
5296
3906
2282
860
79
0
0
0
0
0
0
0
0
0
0
79
833
2236
3816
5118
6213
6758
6777
6265
5283
3891
2264
847
79
0
0
0
0
0
0
0
0
0
0
53
554
1947
3711
5240
6245
6753
6766
6272
5308
3914
2268
837
73
0
0
0
0
0
0
0
0
0
0
72
811
2244
3893
5292
6259
6749
6749
6261
5289
3899
2255
824
73
0
0
0
0
0
0
0
0
0
0
66
801
2242
3898
5299
6267
6757
6751
6256
5289
3891
2243
810
66
0
0
0
0
0
0
0
0
0
0
66
788
2236
3896
5313
6281
6759
6696
6056
4804
3094
2050
774
59
0
0
0
0
0
0
0
0
0
0
46
652
2043
3750
5241
6238
6748
6761
6246
5250
3834
2188
763
59
0
0
0
0
0
0
0
0
0
0
20
247
964
1979
3127
3696
3989
3981
3695
3126
2325
1553
597
46
0
0
0
0
0
0
0
0
0
0
53
490
1553
2879
4211
5736
6578
6747
6211
5197
3761
2171
746
53
0
0
0
0
0
0
0
0
0
0
46
623
1676
2613
3110
3680
3974
3966
3672
3094
2291
1519
572
40
0
0
0
0
0
0
0
0
0
0
0
471
1169
1566
1510
3672
5365
6132
5882
5074
3763
2149
709
46
0
0
0
0
0
0
0
0
0
0
0
718
2204
3898
5322
6303
6795
6795
6297
5309
3879
2177
703
0
0
0
0
0
0
0
0
0
0
0
0
708
2211
3932
5372
6359
6850
6843
6333
5332
3891
2169
682
0
0
0
0
0
0
0
0
0
0
0
0
693
2186
3890
5327
6316
6808
6808
6296
5299
3855
2142
665
0
0
0
0
0
0
0
0
0
0
0
0
683
2179
3876
5287
6252
6733
6713
6205
5217
3790
2102
638
0
0
0
0
0
0
0
0
0
0
0
0
668
2160
3854
5276
6249
6744
6737
6222
5226
3788
2093
626
0
0
0
0
0
0
0
0
0
0
0
0
642
1895
2546
1472
3048
4465
5333
4923
4113
2978
1989
609
0
0
0
0
0
0
0
0
0
0
0
0
201
887
1897
3049
4139
4960
5344
4557
3438
2198
1744
568
0
0
0
0
0
0
0
0
0
0
0
0
638
2161
3883
5327
6309
6790
6769
6239
5219
3755
2054
573
0
0
0
0
0
0
0
0
0
0
0
0
627
2154
3891
5323
6306
6794
6781
6264
5243
3785
2038
550
0
0
0
0
0
0
0
0
0
0
0
0
558
1980
3652
5097
6199
6738
6731
6212
5202
3746
2008
526
0
0
0
0
0
0
0
0
0
0
0
0
600
2126
3861
5286
6266
6742
6729
6203
5183
3723
1984
507
0
0
0
0
0
0
0
0
0
0
0
0
584
2119
3854
5289
6264
6740
6720
6193
5171
3707
1968
483
0
0
0
0
0
0
0
0
0
0
0
0
174
1742
3767
5255
6240
6725
6711
6197
5181
3714
1951
464
0
0
0
0
0
0
0
0
0
0
0
0
562
2113
3847
5281
6252
6737
6709
6158
5108
3617
1880
432
0
0
0
0
0
0
0
0
0
0
0
0
544
2090
3831
5262
6235
6714
6693
6148
5119
3633
1886
419
0
0
0
0
0
0
0
0
0
0
0
0
533
2090
3831
5266
6240
6705
6677
6138
5099
3616
1860
400
0
0
0
0
0
0
0
0
0
0
0
0
154
804
1786
2927
3490
3777
3763
4401
4200
3229
1510
281
0
0
0
0
0
0
0
0
0
0
0
0
496
1922
3313
4092
4025
3154
1762
1619
1338
956
510
107
0
0
0
0
0
0
0
0
0
0
0
0
478
1980
3669
5061
6128
6663
6657
6116
5071
3574
1790
335
0
0
0
0
0
0
0
0
0
0
0
0
296
1443
3101
4708
5986
6618
6633
6099
5059
3557
1772
316
0
0
0
0
0
0
0
0
0
0
0
0
474
2041
3772
5058
5910
6231
6025
5306
4150
2693
1417
255
0
0
0
0
0
0
0
0
0
0
0
0
455
2005
3754
5168
6150
6636
6601
6002
4816
3109
1385
202
0
0
0
0
0
0
0
0
0
0
0
0
135
544
2424
4599
6022
6634
6614
6062
5006
3487
1689
256
0
0
0
0
0
0
0
0
0
0
0
0
263
1109
2049
2853
5129
6323
6544
6028
4985
3460
1651
236
0
0
0
0
0
0
0
0
0
0
0
0
417
1986
3754
5187
6142
6593
6543
5994
4939
3423
1603
209
0
0
0
0
0
0
0
0
0
0
0
0
375
1956
3809
5266
6218
6667
6610
6032
4952
3414
1592
196
0
0
0
0
0
0
0
0
0
0
0
0
399
1996
3782
5220
6168
6620
6562
5998
4922
3386
1562
189
0
0
0
0
0
0
0
0
0
0
0
0
386
1986
3772
5207
6158
6603
6538
5972
4892
3348
1531
183
0
0
0
0
0
0
0
0
0
0
0
0
373
1965
3762
5185
6123
6547
6449
5887
4816
3279
1480
170
0
0
0
0
0
0
0
0
0
0
0
0
360
1955
3762
5198
6145
6584
6519
5935
4857
3300
1469
163
0
0
0
0
0
0
0
0
0
0
0
0
354
1955
3762
5185
6135
6567
6494
5916
4835
3281
1436
157
0
0
0
0
0
0
0
0
0
0
0
0
340
1944
3742
5171
6124
6565
6500
5905
4803
3230
1383
143
0
0
0
0
0
0
0
0
0
0
0
0
327
1921
3732
5157
6096
6515
6401
5818
4724
3167
1317
130
0
0
0
0
0
0
0
0
0
0
0
0
313
1864
3532
4656
4697
3546
1603
2024
2068
1644
988
116
0
0
0
0
0
0
0
0
0
0
0
0
88
669
1616
2757
3310
3578
3525
3422
2929
2030
898
96
0
0
0
0
0
0
0
0
0
0
0
0
293
1909
3751
5196
6053
6116
5004
4500
3590
2325
1127
111
0
0
0
0
0
0
0
0
0
0
0
0
279
1884
3719
5154
6093
6524
6443
5834
4717
3115
1242
111
0
0
0
0
0
0
0
0
0
0
0
0
273
1884
3718
5149
6090
6514
6425
5815
4693
3082
1206
105
0
0
0
0
0
0
0
0
0
0
0
0
259
1858
3696
5124
6053
6470
6373
5767
4648
3049
1168
99
0
0
0
0
0
0
0
0
0
0
0
0
245
1845
3683
5109
6032
6425
6293
5599
4352
2633
1096
93
0
0
0
0
0
0
0
0
0
0
0
0
215
1741
3637
5103
6028
6448
6351
5735
4609
2991
1104
88
0
0
0
0
0
0
0
0
0
0
0
0
68
432
847
1192
1429
1540
1507
1350
1066
687
277
21
0
0
0
0
0
0
0
0
0
0
0
0
61
426
834
1179
1994
2758
3297
2936
2290
1441
463
28
0
0
0
0
0
0
0
0
0
0
0
0
195
1474
2881
3804
4152
3946
3301
2940
2292
1431
607
51
0
0
0
0
0
0
0
0
0
0
0
0
205
1758
3606
5016
5770
5744
4774
3858
2638
1394
508
36
0
0
0
0
0
0
0
0
0
0
0
0
61
992
3021
4851
5516
5501
4760
3840
2624
1375
624
0
0
0
0
0
0
0
0
0
0
0
0
0
200
1697
3011
2548
2515
2099
1456
3821
4082
2778
895
0
0
0
0
0
0
0
0
0
0
0
0
0
154
1432
3322
4898
5703
5953
5673
5531
4499
2831
890
0
0
0
0
0
0
0
0
0
0
0
0
0
187
1677
3367
4474
5430
5888
5849
5290
4218
2626
809
0
0
0
0
0
0
0
0
0
0
0
0
0
190
1719
3606
5052
5955
6334
6202
5563
4397
2721
814
0
0
0
0
0
0
0
0
0
0
0
0
0
165
1626
3552
5001
5902
6274
6104
5467
4320
2649
744
0
0
0
0
0
0
0
0
0
0
0
0
0
158
1430
3083
4398
4402
3218
1405
2256
2485
1855
541
0
0
0
0
0
0
0
0
0
0
0
0
0
160
1438
3128
4479
4819
4349
3167
3278
2845
1853
483
0
0
0
0
0
0
0
0
0
0
0
0
0
98
774
1669
2439
2967
3197
3110
3220
2798
1813
535
0
0
0
0
0
0
0
0
0
0
0
0
0
167
1659
3578
5011
5929
6314
6183
5520
4326
2597
672
0
0
0
0
0
0
0
0
0
0
0
0
0
171
1623
3548
4990
5884
6262
6111
5452
4256
2533
636
0
0
0
0
0
0
0
0
0
0
0
0
0
164
1620
3530
4970
5877
6266
6126
5457
4260
2514
601
0
0
0
0
0
0
0
0
0
0
0
0
0
158
1583
3498
4949
5840
6222
6082
5408
4213
2479
577
0
0
0
0
0
0
0
0
0
0
0
0
0
150
1561
3465
4904
5813
6187
6046
5369
3968
1668
517
0
0
0
0
0
0
0
0
0
0
0
0
0
157
1539
3445
4881
5785
6161
6020
5351
4141
2404
517
0
0
0
0
0
0
0
0
0
0
0
0
0
148
1465
3395
4858
5766
6135
5993
5322
4104
2365
468
0
0
0
0
0
0
0
0
0
0
0
0
0
35
445
1258
2295
2269
1883
1295
1598
1543
1047
286
0
0
0
0
0
0
0
0
0
0
0
0
0
73
771
2108
3501
4588
5205
5300
4829
3789
2182
418
0
0
0
0
0
0
0
0
0
0
0
0
0
133
1464
3390
4833
5709
6062
5878
5111
3759
1925
351
0
0
0
0
0
0
0
0
0
0
0
0
0
137
1458
3352
4632
5406
5627
5300
4829
3756
2126
357
0
0
0
0
0
0
0
0
0
0
0
0
0
127
1414
3345
4782
5678
6056
5893
5221
4011
2236
376
0
0
0
0
0
0
0
0
0
0
0
0
0
103
1296
3257
4755
5646
5994
5808
5163
3925
2136
338
0
0
0
0
0
0
0
0
0
0
0
0
0
106
1324
3248
4715
5635
6006
5831
5140
3894
2105
323
0
0
0
0
0
0
0
0
0
0
0
0
0
28
1019
3206
4674
5590
5975
5843
5164
3891
2091
308
0
0
0
0
0
0
0
0
0
0
0
0
0
99
1267
3195
4605
5497
5854
5710
5029
3784
2003
282
0
0
0
0
0
0
0
0
0
0
0
0
0
28
266
631
946
1158
1244
1211
1259
1075
655
132
0
0
0
0
0
0
0
0
0
0
0
0
0
51
551
1389
2141
2649
2864
2769
2834
2351
1333
224
0
0
0
0
0
0
0
0
0
0
0
0
0
43
469
618
926
1138
1224
1191
1025
745
395
69
0
0
0
0
0
0
0
0
0
0
0
0
0
44
530
1362
2108
3998
5221
5518
4718
3396
1619
186
0
0
0
0
0
0
0
0
0
0
0
0
0
0
1022
3030
4581
5475
5837
5670
4954
3643
1775
223
0
0
0
0
0
0
0
0
0
0
0
0
0
0
676
2732
4491
5447
5869
5691
4976
3714
1887
217
0
0
0
0
0
0
0
0
0
0
0
0
0
0
1109
3035
4484
5394
5785
5640
4945
3672
1844
210
0
0
0
0
0
0
0
0
0
0
0
0
0
0
1116
3055
4519
5439
5805
5625
4913
3662
1819
215
0
0
0
0
0
0
0
0
0
0
0
0
0
0
705
2548
4277
5334
5754
5608
4798
2716
362
55
0
0
0
0
0
0
0
0
0
0
0
0
0
0
1067
3004
4517
5403
5796
5639
4941
3671
1827
201
0
0
0
0
0
0
0
0
0
0
0
0
0
0
1031
2967
4493
5397
5779
5610
4920
3642
1758
194
0
0
0
0
0
0
0
0
0
0
0
0
0
0
934
2760
4214
5105
5466
5288
4382
2871
1120
139
0
0
0
0
0
0
0
0
0
0
0
0
0
0
898
2587
3839
4691
5047
4857
4203
3040
1422
179
0
0
0
0
0
0
0
0
0
0
0
0
0
0
632
1934
3081
3833
4163
4045
3723
2844
1408
160
0
0
0
0
0
0
0
0
0
0
0
0
0
0
944
2809
4206
5007
5216
4875
4204
3013
1393
152
0
0
0
0
0
0
0
0
0
0
0
0
0
0
235
744
1346
1921
2350
2525
1702
922
321
64
0
0
0
0
0
0
0
0
0
0
0
0
0
0
844
2703
4177
5202
5649
5524
4830
3540
1666
168
0
0
0
0
0
0
0
0
0
0
0
0
0
0
646
2618
4303
4942
4462
2536
2139
1479
677
94
0
0
0
0
0
0
0
0
0
0
0
0
0
0
380
1167
1887
2372
2587
2499
2101
3442
1590
161
0
0
0
0
0
0
0
0
0
0
0
0
0
0
430
2169
4061
5152
5565
5411
4698
3417
1571
164
0
0
0
0
0
0
0
0
0
0
0
0
0
0
825
2758
4253
5192
5552
5397
4681
3410
1551
153
0
0
0
0
0
0
0
0
0
0
0
0
0
0
741
2301
2936
3697
3990
3865
3594
2713
1281
131
0
0
0
0
0
0
0
0
0
0
0
0
0
0
781
2721
4232
5149
5523
5354
4658
3373
1530
145
0
0
0
0
0
0
0
0
0
0
0
0
0
0
757
2690
4244
5160
5572
5430
4713
3436
1529
147
0
0
0
0
0
0
0
0
0
0
0
0
0
0
734
2574
3611
4646
5151
5097
3794
1678
288
49
0
0
0
0
0
0
0
0
0
0
0
0
0
0
268
1289
2854
4234
5016
5120
4562
3335
1500
137
0
0
0
0
0
0
0
0
0
0
0
0
0
0
728
2677
4228
5189
5573
5415
4706
3416
1519
139
0
0
0
0
0
0
0
0
0
0
0
0
0
0
660
2534
4103
4778
4304
2401
2030
1390
615
72
0
0
0
0
0
0
0
0
0
0
0
0
0
0
301
2627
4111
5064
5429
5307
4641
3383
1506
143
0
0
0
0
0
0
0
0
0
0
0
0
0
0
570
1763
1762
3917
5100
5242
4582
3325
1475
130
0
0
0
0
0
0
0
0
0
0
0
0
0
0
286
2573
4142
5062
5440
5302
4601
3325
1466
132
0
0
0
0
0
0
0
0
0
0
0
0
0
0
595
2378
3870
4906
5335
5263
4649
3362
1479
133
0
0
0
0
0
0
0
0
0
0
0
0
0
0
241
859
1721
2229
2445
2362
1986
1351
593
73
0
0
0
0
0
0
0
0
0
0
0
0
0
0
226
902
1715
1747
1454
996
842
1145
512
65
0
0
0
0
0
0
0
0
0
0
0
0
0
0
571
2426
1454
1877
1022
3727
4142
3250
1465
136
0
0
0
0
0
0
0
0
0
0
0
0
0
0
583
2516
4074
5004
5410
5294
4614
3322
1450
137
0
0
0
0
0
0
0
0
0
0
0
0
0
0
574
2492
4022
4990
5409
5250
4578
3334
1458
138
0
0
0
0
0
0
0
0
0
0
0
0
0
0
362
1580
2744
3122
2913
2339
1958
1341
588
57
0
0
0
0
0
0
0
0
0
0
0
0
0
0
440
2168
3786
1837
2017
1966
1648
1016
411
42
0
0
0
0
0
0
0
0
0
0
0
0
0
0
213
815
1416
1840
2020
1958
4544
1345
505
124
0
0
0
0
0
0
0
0
0
0
0
0
0
0
111
425
708
909
1002
976
1170
1064
580
65
0
0
0
0
0
0
0
0
0
0
0
0
0
0
229
936
1642
2139
2378
2302
1943
1323
580
65
0
0
0
0
0
0
0
0
0
0
0
0
0
0
264
1833
3766
4550
4657
4225
3172
1782
590
65
0
0
0
0
0
0
0
0
0
0
0
0
0
0
435
2083
3384
4045
4117
3671
2773
1616
590
57
0
0
0
0
0
0
0
0
0
0
0
0
0
0
200
794
1651
4802
5369
5242
4571
3321
1480
138
0
0
0
0
0
0
0
0
0
0
0
0
0
0
485
2359
3959
4945
5359
5301
4637
3382
1503
137
0
0
0
0
0
0
0
0
0
0
0
0
0
0
470
2345
3948
4950
5349
5218
4558
3300
1474
137
0
0
0
0
0
0
0
0
0
0
0
0
0
0
455
2378
3990
4984
5420
5318
4685
3418
1519
136
0
0
0
0
0
0
0
0
0
0
0
0
0
0
302
1518
2690
3110
2929
2349
1985
1359
598
98
0
0
0
0
0
0
0
0
0
0
0
0
0
0
224
1095
2133
2999
3548
3647
2773
1626
597
73
0
0
0
0
0
0
0
0
0
0
0
0
0
0
447
2303
3838
4791
5138
4952
4218
2918
1203
132
0
0
0
0
0
0
0
0
0
0
0
0
0
0
450
2330
3930
4943
5378
5271
4530
2972
952
131
0
0
0
0
0
0
0
0
0
0
0
0
0
0
432
2333
3948
4986
5416
5351
4699
3328
1409
144
0
0
0
0
0
0
0
0
0
0
0
0
0
0
434
2334
3947
4984
5385
5332
4677
3418
1543
142
0
0
0
0
0
0
0
0
0
0
0
0
0
0
435
2358
3981
4980
5394
5284
4590
3227
1256
127
0
0
0
0
0
0
0
0
0
0
0
0
0
0
436
2309
3887
4716
4725
3737
2811
1663
620
96
0
0
0
0
0
0
0
0
0
0
0
0
0
0
133
723
1622
1703
1430
983
836
594
289
35
0
0
0
0
0
0
0
0
0
0
0
0
0
0
284
1850
3487
4577
5030
4924
4230
2909
1128
104
0
0
0
0
0
0
0
0
0
0
0
0
0
0
283
1846
3480
4553
5036
4929
4235
2895
1118
104
0
0
0
0
0
0
0
0
0
0
0
0
0
0
233
1324
2363
3196
3570
3478
2577
1466
523
64
0
0
0
0
0
0
0
0
0
0
0
0
0
0
133
503
653
1218
1791
2184
1475
783
253
28
0
0
0
0
0
0
0
0
0
0
0
0
0
0
261
1828
3583
4506
4225
2228
1874
1258
547
95
0
0
0
0
0
0
0
0
0
0
0
0
0
0
292
1862
3535
4605
5020
4787
4109
2831
1132
111
0
0
0
0
0
0
0
0
0
0
0
0
0
0
291
1709
2369
4005
4902
4983
4210
2775
1019
103
0
0
0
0
0
0
0
0
0
0
0
0
0
0
269
1801
3508
4594
5080
4982
4292
3007
1239
119
0
0
0
0
0
0
0
0
0
0
0
0
0
0
170
801
1516
3220
4472
4801
4040
2700
1049
102
0
0
0
0
0
0
0
0
0
0
0
0
0
0
83
369
666
1246
1825
2236
1884
1283
566
64
0
0
0
0
0
0
0
0
0
0
0
0
0
0
169
798
1508
3518
4762
4944
4315
3059
1291
126
0
0
0
0
0
0
0
0
0
0
0
0
0
0
82
376
673
1252
1838
2247
1895
1296
589
78
0
0
0
0
0
0
0
0
0
0
0
0
0
0
82
376
680
894
1001
981
841
592
287
34
0
0
0
0
0
0
0
0
0
0
0
0
0
0
118
671
1530
2064
2321
2269
1929
1329
603
93
0
0
0
0
0
0
0
0
0
0
0
0
0
0
322
1891
3457
4277
4331
3626
3848
3003
1358
141
0
0
0
0
0
0
0
0
0
0
0
0
0
0
331
1955
3632
4752
5256
5199
4534
3257
1436
148
0
0
0
0
0
0
0
0
0
0
0
0
0
0
351
2018
3714
4803
5289
5203
4524
3193
1341
147
0
0
0
0
0
0
0
0
0
0
0
0
0
0
325
1578
2514
3368
3792
3738
2814
1654
648
100
0
0
0
0
0
0
0
0
0
0
0
0
0
0
368
2037
3734
4636
4352
2334
2186
1658
811
115
0
0
0
0
0
0
0
0
0
0
0
0
0
0
341
1689
2875
3361
3123
2372
2022
1405
661
137
0
0
0
0
0
0
0
0
0
0
0
0
0
0
204
871
1603
1721
1478
1027
1621
1676
990
121
0
0
0
0
0
0
0
0
0
0
0
0
0
0
392
2067
3739
4619
4653
4572
3759
2467
1021
128
0
0
0
0
0
0
0
0
0
0
0
0
0
0
387
1984
3609
4681
5168
5093
4346
3009
1308
166
0
0
0
0
0
0
0
0
0
0
0
0
0
0
406
2116
3833
4912
5395
5323
4648
3385
1572
173
0
0
0
0
0
0
0
0
0
0
0
0
0
0
425
2128
3819
4884
5368
5281
4619
3354
1549
180
0
0
0
0
0
0
0
0
0
0
0
0
0
0
432
2139
3805
4883
5379
5306
4647
3392
1619
187
0
0
0
0
0
0
0
0
0
0
0
0
0
0
464
2188
3871
4937
5428
5343
4689
3429
1632
194
0
0
0
0
0
0
0
0
0
0
0
0
0
0
469
2217
3855
4934
5424
5352
4701
3447
1663
201
0
0
0
0
0
0
0
0
0
0
0
0
0
0
488
2244
3887
4972
5459
5387
4741
3499
1694
208
0
0
0
0
0
0
0
0
0
0
0
0
0
0
506
2288
3980
5035
5504
5420
4765
3516
1724
223
0
0
0
0
0
0
0
0
0
0
0
0
0
0
510
2238
3851
4881
5308
5170
4534
3316
1610
230
0
0
0
0
0
0
0
0
0
0
0
0
0
0
301
1041
1805
1894
1606
1119
973
719
388
103
0
0
0
0
0
0
0
0
0
0
0
0
0
0
207
863
1818
2825
3617
3966
3779
2960
1583
220
0
0
0
0
0
0
0
0
0
0
0
0
0
0
157
497
812
2398
4090
4887
3502
1650
402
189
0
0
0
0
0
0
0
0
0
0
0
0
0
0
649
2526
4185
5160
5448
4936
4644
3623
1935
302
0
0
0
0
0
0
0
0
0
0
0
0
0
0
555
2453
4177
5114
5200
4066
3536
2588
1318
256
0
0
0
0
0
0
0
0
0
0
0
0
0
0
397
1530
2914
3352
3215
2653
2743
2310
1331
210
0
0
0
0
0
0
0
0
0
0
0
0
0
0
725
2575
4190
5197
5640
5537
4946
3768
2027
341
0
0
0
0
0
0
0
0
0
0
0
0
0
0
754
2642
4238
5262
5723
5646
5015
3808
2033
348
0
0
0
0
0
0
0
0
0
0
0
0
0
0
767
2569
4071
5090
5550
5471
5007
3848
2073
364
0
0
0
0
0
0
0
0
0
0
0
0
0
0
455
1623
3021
3440
3310
2734
2370
1739
939
180
0
0
0
0
0
0
0
0
0
0
0
0
0
0
668
2013
3035
4993
5760
5719
5101
3909
2134
396
0
0
0
0
0
0
0
0
0
0
0
0
0
0
864
2790
4376
5397
5860
5775
5140
3932
2155
413
0
0
0
0
0
0
0
0
0
0
0
0
0
0
889
2799
4391
5397
5848
5753
5118
3910
2159
418
0
0
0
0
0
0
0
0
0
0
0
0
0
0
930
2823
4405
5419
5880
5797
5156
3931
2178
434
0
0
0
0
0
0
0
0
0
0
0
0
0
0
954
2863
4445
5452
5889
5797
5157
3952
2198
450
0
0
0
0
0
0
0
0
0
0
0
0
0
70
993
2901
4458
5473
5941
5871
5194
3958
2201
466
0
0
0
0
0
0
0
0
0
0
0
0
0
51
830
2671
4340
5414
5897
5816
5183
3978
2235
482
0
0
0
0
0
0
0
0
0
0
0
0
0
76
1053
2959
4520
5502
5947
5847
5206
3998
2221
477
0
0
0
0
0
0
0
0
0
0
0
0
0
58
745
2050
3226
4643
5474
5628
4600
2845
1055
319
0
0
0
0
0
0
0
0
0
0
0
0
0
50
536
1373
2153
3665
4785
5228
4402
3117
1574
412
0
0
0
0
0
0
0
0
0
0
0
0
0
82
1084
3015
4613
5601
6051
5955
5307
4105
2352
545
0
0
0
0
0
0
0
0
0
0
0
0
0
98
1178
3106
4646
5629
6077
5982
5329
4121
2368
560
0
0
0
0
0
0
0
0
0
0
0
0
0
106
1211
3122
4655
5625
6063
5959
5305
4099
2353
564
0
0
0
0
0
0
0
0
0
0
0
0
0
104
1213
2822
3375
4165
4524
4440
3904
2949
1651
437
0
0
0
0
0
0
0
0
0
0
0
0
0
86
878
2203
3370
4498
5163
5289
4671
3562
2025
468
0
0
0
0
0
0
0
0
0
0
0
0
0
70
827
2450
4159
4833
4933
4477
3111
1629
541
163
0
0
0
0
0
0
0
0
0
0
0
0
0
123
1349
3250
4755
5720
6144
6034
5385
4174
2442
624
0
0
0
0
0
0
0
0
0
0
0
0
0
129
1378
3276
4784
5735
6158
6040
5382
4176
2441
639
0
0
0
0
0
0
0
0
0
0
0
0
0
135
1406
3289
4779
5729
6134
6016
5359
4142
2399
643
0
0
0
0
0
0
0
0
0
0
0
0
0
112
1160
2970
4571
5500
5895
5775
4742
2997
1185
413
0
0
0
0
0
0
0
0
0
0
0
0
0
41
352
748
1087
1318
1423
1390
1727
1683
1198
426
0
0
0
0
0
0
0
0
0
0
0
0
0
54
537
1402
2485
3016
3262
3175
2801
2144
1282
502
0
0
0
0
0
0
0
0
0
0
0
0
0
191
1566
2778
2511
3041
3277
3200
2828
2163
1295
776
0
0
0
0
0
0
0
0
0
0
0
0
0
117
744
1526
2190
2659
2857
1680
2461
4291
1146
389
0
0
0
0
0
0
0
0
0
0
0
0
0
210
1749
3530
4826
5489
5462
4696
4742
3995
2545
825
0
0
0
0
0
0
0
0
0
0
0
0
0
232
1797
3646
5068
5992
6352
6216
5549
4370
2698
849
0
0
0
0
0
0
0
0
0
0
0
0
0
222
1725
3618
5072
5968
6355
6211
5468
3991
1927
631
0
0
0
0
0
0
0
0
0
0
0
0
0
157
922
1833
2600
4522
5708
5988
5465
4349
2716
862
0
0
0
0
0
0
0
0
0
0
0
0
0
171
950
1869
2645
4193
5293
5660
5326
4306
2701
863
51
0
0
0
0
0
0
0
0
0
0
0
0
150
762
1455
2298
2746
6389
6195
5544
4370
2710
886
59
0
0
0
0
0
0
0
0
0
0
0
0
339
1970
3784
5183
6075
6434
6285
5623
4432
2767
909
59
0
0
0
0
0
0
0
0
0
0
0
0
211
1010
1930
2691
2636
2189
1519
1888
1866
1390
448
35
0
0
0
0
0
0
0
0
0
0
0
0
381
2017
3829
5217
6097
6455
6299
5642
4441
2783
942
66
0
0
0
0
0
0
0
0
0
0
0
0
411
2069
3856
5229
6107
6440
6285
5601
4420
2768
943
65
0
0
0
0
0
0
0
0
0
0
0
0
440
2121
3915
5305
6160
6532
6330
5651
4459
2798
964
71
0
0
0
0
0
0
0
0
0
0
0
0
135
1412
3565
5190
5931
5990
5322
3893
2111
686
365
34
0
0
0
0
0
0
0
0
0
0
0
0
455
1799
2783
2787
4057
4963
5313
5024
4118
2648
862
55
0
0
0
0
0
0
0
0
0
0
0
0
298
1152
2077
2847
3355
3554
3451
3035
2338
1471
557
41
0
0
0
0
0
0
0
0
0
0
0
0
554
2249
4017
5360
6233
6555
6389
5702
4512
2848
1016
75
0
0
0
0
0
0
0
0
0
0
0
0
582
2274
4042
5389
6226
6565
6407
5723
4511
2844
1026
75
0
0
0
0
0
0
0
0
0
0
0
0
175
814
1776
2901
4409
5440
5754
5382
4378
2798
1027
82
0
0
0
0
0
0
0
0
0
0
0
0
636
2334
4072
5411
6254
6576
6372
5672
4480
2826
1046
81
0
0
0
0
0
0
0
0
0
0
0
0
506
2064
3899
5338
6248
6623
6406
5710
4506
2853
1065
88
0
0
0
0
0
0
0
0
0
0
0
0
398
1274
2195
2937
2840
2348
1627
1444
1136
731
303
27
0
0
0
0
0
0
0
0
0
0
0
0
716
2415
4126
5444
6267
6596
6410
5693
4495
2855
1084
94
0
0
0
0
0
0
0
0
0
0
0
0
710
2409
4141
5480
6292
6606
6389
5673
4458
2822
1084
94
0
0
0
0
0
0
0
0
0
0
0
0
776
2461
4165
5451
6225
6478
6189
5344
4032
2383
852
67
0
0
0
0
0
0
0
0
0
0
0
0
754
2297
3829
4965
5244
4782
3602
4454
4063
2779
1053
94
0
0
0
0
0
0
0
0
0
0
0
0
492
1596
2968
4302
5565
6235
6267
5637
4481
2878
1128
100
0
0
0
0
0
0
0
0
0
0
0
46
505
1417
2335
3070
3835
4306
4408
4097
3344
2207
667
67
0
0
0
0
0
0
0
0
0
0
0
59
882
2586
4248
5512
6220
6353
5839
5454
4420
2880
1153
113
0
0
0
0
0
0
0
0
0
0
0
66
725
1462
2376
3117
3582
3756
3636
3211
2522
2806
1001
74
0
0
0
0
0
0
0
0
0
0
0
72
908
2534
4144
4748
3588
3762
6228
5537
4369
2899
1185
120
0
0
0
0
0
0
0
0
0
0
0
79
975
2666
4324
5614
6384
6672
6468
5751
4550
2938
1200
120
0
0
0
0
0
0
0
0
0
0
0
85
998
2687
4338
5595
6386
6653
6384
5701
4516
2799
711
73
0
0
0
0
0
0
0
0
0
0
0
53
617
1542
2449
3169
3648
1793
1735
3227
2536
1651
1172
126
0
0
0
0
0
0
0
0
0
0
0
60
636
1568
2474
3200
3662
6508
5578
3259
2569
2475
1188
80
0
0
0
0
0
0
0
0
0
0
0
60
985
2684
4442
5650
3701
6737
6528
5780
4568
2963
1251
139
0
0
0
0
0
0
0
0
0
0
0
112
1106
2806
4447
5711
6502
6766
6544
5813
4559
2943
1252
139
0
0
0
0
0
0
0
0
0
0
0
112
1121
2795
4423
5686
6442
6707
6477
5744
4542
2940
1259
146
0
0
0
0
0
0
0
0
0
0
0
73
1104
2707
4277
5668
6226
6480
6473
5741
4381
2658
1226
146
0
0
0
0
0
0
0
0
0
0
0
80
720
1650
4292
4472
6252
6519
5586
3315
4404
2964
1285
152
0
0
0
0
0
0
0
0
0
0
0
80
1042
2778
2594
3314
3758
3908
3761
3315
2625
1729
794
152
0
0
0
0
0
0
0
0
0
0
0
138
1215
2791
4345
5688
6288
6751
6530
5788
4590
2994
1311
165
0
0
0
0
0
0
0
0
0
0
0
151
1008
2897
4353
5223
6272
6531
6300
5588
4143
2354
1275
165
0
0
0
0
0
0
0
0
0
0
0
151
1163
2830
4548
1616
6534
6797
3806
5803
4588
2366
1330
172
0
0
0
0
0
0
0
0
0
0
0
164
1284
2961
4576
5804
6590
6839
6592
5835
4616
2997
1336
178
0
0
0
0
0
0
0
0
0
0
0
171
1297
2937
4540
5808
6521
6835
6555
5791
4587
2987
1348
185
0
0
0
0
0
0
0
0
0
0
0
177
1213
2854
4505
5772
6405
6515
5922
5363
4316
2875
1310
191
0
0
0
0
0
0
0
0
0
0
0
184
1292
2913
4512
5729
6383
6281
5142
5746
4467
2710
1256
185
0
0
0
0
0
0
0
0
0
0
0
67
434
886
2053
3376
3823
3988
5958
3410
2707
1817
881
133
0
0
0
0
0
0
0
0
0
0
0
222
1383
3034
4628
5865
6619
6834
6556
5809
4585
2990
1393
223
0
0
0
0
0
0
0
0
0
0
0
235
1385
3019
4581
5778
6514
6685
6286
5747
4571
3014
1399
236
0
0
0
0
0
0
0
0
0
0
0
254
1406
3023
4594
5796
6556
6791
6564
5812
4605
3024
1405
249
0
0
0
0
0
0
0
0
0
0
0
165
461
925
1340
1659
3839
4010
3853
3400
2730
1854
924
159
0
0
0
0
0
0
0
0
0
0
0
249
1407
2976
4654
5852
6584
6799
6541
5802
4619
3051
1436
274
0
0
0
0
0
0
0
0
0
0
0
296
1453
3049
4485
5331
5808
5784
5245
5553
4573
3042
1437
281
0
0
0
0
0
0
0
0
0
0
0
192
971
1911
2786
3462
3913
4048
3884
3448
2752
1880
948
179
0
0
0
0
0
0
0
0
0
0
0
281
1190
1896
1365
1691
3871
4013
3863
3428
2748
1884
1453
305
0
0
0
0
0
0
0
0
0
0
0
333
1477
2969
4452
5734
6308
6536
6510
5780
4602
3055
1468
318
0
0
0
0
0
0
0
0
0
0
0
349
1495
3090
4633
5792
6453
6574
6484
5615
2801
3042
1449
330
0
0
0
0
0
0
0
0
0
0
0
231
1450
3100
4640
5829
6545
6773
6515
5780
4592
3058
1487
342
0
0
0
0
0
0
0
0
0
0
0
372
1518
3111
4642
5829
6520
6692
6322
5418
4067
2505
1333
319
0
0
0
0
0
0
0
0
0
0
0
388
1527
3104
4588
5649
6416
6723
6508
5806
4621
3085
1514
370
0
0
0
0
0
0
0
0
0
0
0
399
1542
3125
4645
5824
6532
6765
6515
5782
4604
3078
1506
350
0
0
0
0
0
0
0
0
0
0
0
406
1547
3134
4659
5837
6557
6790
6533
5795
4619
3094
1530
394
0
0
0
0
0
0
0
0
0
0
0
421
1552
3122
4649
5813
6533
6772
6522
5784
4621
3099
1539
405
0
0
0
0
0
0
0
0
0
0
0
431
1557
3127
4646
5808
6522
6761
6510
5779
4612
3099
1548
416
0
0
0
0
0
0
0
0
0
0
0
441
1567
3136
4660
5828
6541
6773
6523
5793
4621
3105
1558
432
0
0
0
0
0
0
0
0
0
0
0
447
1569
3115
4627
5781
6494
6739
6489
5765
4600
3100
1564
439
0
0
0
0
0
0
0
0
0
0
0
334
1102
2023
2876
3548
5240
6168
6292
5659
4563
3101
1574
454
0
0
0
0
0
0
0
0
0
0
0
460
1550
3103
4626
5797
6515
6754
6510
5788
4614
3117
1586
465
0
0
0
0
0
0
0
0
0
0
0
476
1583
3128
4629
5788
6505
6750
6501
5779
4618
3119
1593
476
0
0
0
0
0
0
0
0
0
0
0
482
1583
3122
4615
5772
6490
6729
6492
5782
4628
3140
1602
474
0
0
0
0
0
0
0
0
0
0
0
438
1510
2875
4219
5272
5736
5713
5218
5270
4471
3112
1603
497
0
0
0
0
0
0
0
0
0
0
0
366
1136
1770
2010
1772
3074
4123
4689
4670
4047
2917
1478
410
0
0
0
0
0
0
0
0
0
0
0
290
1147
2067
2908
3577
4714
5462
5677
5343
4414
3082
1634
529
0
0
0
0
0
0
0
0
0
0
0
512
1600
3139
4647
5808
6536
6792
6563
5850
4694
3193
1651
539
0
0
0
0
0
0
0
0
0
0
0
347
1163
2081
2927
3602
3448
2862
1997
1798
1479
1067
605
186
0
0
0
0
0
0
0
0
0
0
0
354
1163
2294
3538
4681
6099
6661
6524
5825
4689
3208
1670
562
0
0
0
0
0
0
0
0
0
0
0
527
1598
3123
4625
5784
6501
6746
6517
5819
4678
3201
1677
572
0
0
0
0
0
0
0
0
0
0
0
532
1595
3109
4596
5760
6476
6722
6494
5795
4662
3190
1682
580
0
0
0
0
0
0
0
0
0
0
0
509
1571
3072
4573
5742
6458
6716
6493
5801
4675
3204
1695
595
40
0
0
0
0
0
0
0
0
0
0
540
1590
3094
4578
5735
6452
6704
6482
5739
4450
2685
1629
597
46
0
0
0
0
0
0
0
0
0
0
367
1173
2288
3510
4641
5061
5092
4734
4060
3159
2158
1373
513
40
0
0
0
0
0
0
0
0
0
0
476
1183
2088
2928
3592
5504
6412
6437
5685
4478
2997
1700
626
53
0
0
0
0
0
0
0
0
0
0
482
1177
2700
4344
5655
6223
6122
5260
5308
4536
3213
1733
637
53
0
0
0
0
0
0
0
0
0
0
552
1580
3071
4555
5707
6424
6677
6457
5774
4660
3213
1739
647
40
0
0
0
0
0
0
0
0
0
0
456
1182
2078
2909
3572
4493
5099
5259
5447
4620
3251
1754
658
59
0
0
0
0
0
0
0
0
0
0
556
1574
3058
4535
5686
6403
6668
6460
5779
4597
3024
1715
657
59
0
0
0
0
0
0
0
0
0
0
557
1568
3050
4530
5698
6433
6681
6457
5794
4689
3263
1775
678
66
0
0
0
0
0
0
0
0
0
0
558
1563
3037
4505
5672
6401
6689
6483
5814
4699
3283
1784
687
66
0
0
0
0
0
0
0
0
0
0
560
1564
3058
4565
5729
6476
6748
6547
5896
4779
3331
1807
698
73
0
0
0
0
0
0
0
0
0
0
562
1558
3046
4545
5720
6456
6728
6517
5856
4752
3319
1812
707
73
0
0
0
0
0
0
0
0
0
0
558
1545
3017
4499
5684
6425
6709
6521
5861
4769
3331
1821
716
79
0
0
0
0
0
0
0
0
0
0
558
1541
3001
4464
5631
6373
6641
6464
5810
4732
3312
1826
725
79
0
0
0
0
0
0
0
0
0
0
511
1415
2840
4394
5612
6354
6639
6457
5793
4680
3240
1815
730
79
0
0
0
0
0
0
0
0
0
0
558
1531
2989
4454
5621
6364
6655
6474
5832
4756
3346
1851
743
86
0
0
0
0
0
0
0
0
0
0
193
610
2070
3689
5167
6184
6621
6496
5861
4779
3363
1861
751
86
0
0
0
0
0
0
0
0
0
0
522
1407
2775
4310
5574
6340
6648
6485
5840
4760
3345
1871
761
92
0
0
0
0
0
0
0
0
0
0
553
1511
2967
4447
5633
6389
6687
6513
5858
4789
3377
1885
769
99
0
0
0
0
0
0
0
0
0
0
540
1493
2874
4286
5419
6072
6252
5949
5372
4408
3155
1760
687
60
0
0
0
0
0
0
0
0
0
0
534
1493
2921
4398
5583
6350
6661
6505
5884
4812
3405
1909
786
105
0
0
0
0
0
0
0
0
0
0
545
1486
2857
4058
4572
5177
5424
5289
4813
3977
2904
1789
774
99
0
0
0
0
0
0
0
0
0
0
537
1479
2854
4058
4580
5209
5451
5333
5664
4841
3457
1938
802
112
0
0
0
0
0
0
0
0
0
0
416
1155
2388
3800
5120
5971
6394
6340
5844
4845
3458
1948
810
112
0
0
0
0
0
0
0
0
0
0
258
597
1462
2504
3558
4013
4199
4107
4820
4462
3367
1945
818
119
0
0
0
0
0
0
0
0
0
0
409
1147
1775
2026
1801
2785
3595
4088
3219
2201
1210
1053
544
73
0
0
0
0
0
0
0
0
0
0
495
1422
2695
4010
5088
5416
5085
4106
5077
4677
3470
1970
833
119
0
0
0
0
0
0
0
0
0
0
515
1418
2704
4031
5117
5186
4209
2085
4194
4370
3406
1985
840
125
0
0
0
0
0
0
0
0
0
0
523
1432
2875
4373
5582
6366
6693
6559
5955
4905
3516
2005
848
132
0
0
0
0
0
0
0
0
0
0
519
1422
2854
4349
5547
6337
6670
6536
5944
4901
3515
2012
855
132
0
0
0
0
0
0
0
0
0
0
506
1412
2833
4325
5534
6325
6669
6542
5950
4919
3532
2026
862
138
0
0
0
0
0
0
0
0
0
0
481
1398
2802
4297
5510
6307
6669
6570
5995
4953
3577
2044
868
138
0
0
0
0
0
0
0
0
0
0
334
1104
1987
2827
3523
3991
4196
4130
4873
4546
3464
2038
876
138
0
0
0
0
0
0
0
0
0
0
372
1103
1741
2006
1795
2008
2110
2072
1911
1627
1242
1346
752
112
0
0
0
0
0
0
0
0
0
0
491
1376
2795
4295
5518
6307
6659
6557
5957
4957
3573
2070
889
145
0
0
0
0
0
0
0
0
0
0
482
1366
2783
4273
5501
6324
6677
6559
5971
4966
3591
2082
896
145
0
0
0
0
0
0
0
0
0
0
474
1356
2760
4261
5485
6292
6657
6550
5980
4964
3592
2089
902
151
0
0
0
0
0
0
0
0
0
0
468
1346
2749
4240
5464
6277
6637
6536
5967
4969
3607
2099
908
151
0
0
0
0
0
0
0
0
0
0
459
1337
2698
3796
3487
5379
6357
6512
5739
4303
2452
1894
909
151
0
0
0
0
0
0
0
0
0
0
435
1261
2461
3814
5037
6115
6621
6582
6019
5021
3651
2129
920
158
0
0
0
0
0
0
0
0
0
0
444
1318
2716
4214
5446
6273
6641
6553
5991
4984
3611
2084
897
93
0
0
0
0
